0 720 0 0 105 218
105 218 129 514 0 720
0 0 173 82 105 218
1280 0 173 82 0 0
105 218 173 82 280 231
325 418 129 514 105 218
0 720 339 593 1280 720
339 593 0 720 129 514
339 593 740 547 1280 720
129 514 325 418 740 547
740 547 339 593 129 514
105 218 280 231 740 547
740 547 325 418 105 218
280 231 588 284 740 547
588 284 280 231 173 82
740 547 1021 448 1280 720
1280 0 795 163 173 82
1021 448 795 163 1280 0
588 284 173 82 795 163
740 547 588 284 795 163
795 163 1021 448 740 547
1021 448 1191 446 1280 720
1280 0 1191 446 1021 448
1280 720 1191 446 1280 0
