0 0 130 498 0 720
357 586 0 720 130 498
0 0 254 303 357 586
357 586 130 498 0 0
0 720 476 653 1280 720
476 653 715 540 1280 720
0 720 357 586 715 540
715 540 476 653 0 720
715 540 971 531 1280 720
971 531 1141 491 1280 720
0 0 339 157 254 303
357 586 254 303 339 157
339 157 417 494 357 586
0 0 438 47 339 157
1280 0 438 47 0 0
1280 0 840 146 542 217
542 217 438 47 1280 0
339 157 438 47 542 217
840 146 569 281 542 217
339 157 542 217 569 281
569 281 417 494 339 157
357 586 534 462 715 540
417 494 569 281 534 462
534 462 357 586 417 494
971 531 715 540 534 462
962 297 971 531 534 462
840 146 962 297 534 462
534 462 569 281 840 146
962 297 840 146 1040 282
971 531 962 297 1040 282
1040 282 1141 491 971 531
1280 720 1182 289 1280 0
840 146 1280 0 1182 289
1182 289 1040 282 840 146
1141 491 1040 282 1182 289
1182 289 1280 720 1141 491
