0 720 201 650 372 641
0 720 372 641 526 636
0 720 526 636 657 636
657 636 1280 720 0 720
657 636 773 632 1280 720
773 632 920 624 1060 622
1060 622 1280 720 773 632
1060 622 1142 603 1280 720
1280 0 970 113 767 99
1280 0 767 99 605 93
605 93 0 0 1280 0
605 93 399 93 0 0
399 93 212 90 0 0
212 90 70 101 0 0
0 720 74 415 201 650
74 415 0 720 0 0
201 650 74 415 242 378
0 0 70 101 242 378
242 378 74 415 0 0
201 650 242 378 421 362
421 362 372 641 201 650
70 101 212 90 421 362
421 362 242 378 70 101
372 641 421 362 639 366
399 93 605 93 639 366
212 90 399 93 639 366
639 366 421 362 212 90
372 641 639 366 772 358
772 358 526 636 372 641
1142 603 1060 622 916 385
916 385 1080 483 1142 603
916 385 1060 622 920 624
916 385 920 624 773 632
916 385 773 632 657 636
526 636 772 358 916 385
916 385 657 636 526 636
916 385 964 348 1103 243
1103 243 1080 483 916 385
1280 720 1218 334 1280 0
1218 334 1166 159 1280 0
1080 483 1103 243 1166 159
1142 603 1080 483 1166 159
1280 720 1142 603 1166 159
1166 159 1218 334 1280 720
968 194 767 99 970 113
772 358 965 269 1004 269
1004 269 916 385 772 358
767 99 968 194 1004 269
1004 269 965 269 767 99
1280 0 1166 159 1004 269
970 113 1280 0 1004 269
1004 269 968 194 970 113
964 348 916 385 1004 269
1103 243 964 348 1004 269
1004 269 1166 159 1103 243
605 93 735 254 639 366
767 99 965 269 735 254
735 254 605 93 767 99
772 358 639 366 735 254
735 254 965 269 772 358
